3000 2999
2509 1334
357 1523
1885 2857
1258 136
1023 985
316 2451
1595 1988
1881 495
385 443
1834 830
1499 378
2228 1548
1542 2516
2239 2372
1479 1727
2117 2390
1231 2817
925 2094
231 2063
2561 48
2589 166
555 229
870 2861
38 853
300 2495
526 1580
1779 596
2180 1883
2496 2045
2146 2668
1702 1141
2275 628
556 1425
2531 27
437 2892
1716 1472
1659 2101
273 911
2359 2900
1386 1330
1633 895
1689 2470
2460 178
2949 1303
1657 1208
1603 1606
2953 1324
2707 2186
130 991
2826 475
2348 2286
502 1241
2958 503
2903 1683
1757 1072
159 875
85 395
1579 2226
2957 1750
1894 2392
1805 856
922 1234
671 1677
1010 1674
2041 2807
1316 2686
2648 246
1557 566
1048 1220
2919 1825
2765 647
1078 1040
2194 109
2710 1823
360 927
1600 2758
1207 617
1418 1686
1699 2689
221 1547
2316 2419
2188 1356
2772 2681
2837 2975
2278 60
2136 1370
2824 6
702 316
1233 978
2199 615
623 1402
824 2743
2241 1348
1066 1048
1891 509
364 1383
2473 1597
2619 1111
1280 543
1330 2708
2698 951
1353 2272
222 2770
2007 1939
2889 995
1113 1966
594 1558
132 823
2299 1483
650 1167
1977 838
2960 352
893 1268
2775 2988
1057 607
2764 917
618 1327
2708 2547
2450 713
1508 1540
1470 1702
1357 2677
496 2585
2211 1833
2482 839
2576 2658
2833 2073
1161 2458
1022 610
1002 1326
2790 332
2570 2584
2491 131
967 2126
2290 1124
1751 1844
157 411
2423 916
2599 1973
2454 1894
2260 2601
2443 1296
2068 1017
205 2224
2795 1868
1058 1682
2346 2481
2493 751
2869 1179
1388 452
1414 406
2527 1563
2222 2416
1809 973
2565 449
607 99
1813 2950
979 1545
1929 2497
2733 2593
2721 2856
2916 2147
1529 2653
3 1283
2821 1644
1617 403
2941 477
1549 1251
1501 2716
1662 488
854 2510
778 1293
828 1059
871 788
918 2933
685 1503
1665 698
66 2329
60 2386
1073 2565
107 1746
2557 1977
1320 2349
2934 1842
1267 2421
1377 1552
1503 2124
836 2048
1512 2687
428 1046
1541 1409
1317 1246
548 393
209 2501
2424 1994
2065 1092
2023 480
2982 2053
412 1248
767 235
434 2968
2946 527
1877 1450
2758 1913
1692 2838
2026 2338
2717 274
217 13
2555 1528
234 2631
1982 1968
2217 1112
2263 743
1760 184
1162 2150
1728 2003
2983 905
962 2538
1511 746
2782 1510
1748 1495
616 155
2303 840
1556 1361
2618 1863
1850 932
1539 1679
78 208
2753 1118
2014 2897
2595 2324
322 1051
2357 1978
2634 1221
24 1957
1445 101
1457 685
2337 1584
1568 644
2178 2787
1172 1227
1972 826
1104 324
54 2158
2508 29
1265 501
1427 1550
1003 2427
662 1961
379 2300
1765 1047
2835 1184
521 697
2685 1920
783 2590
580 706
2881 2090
1443 2359
2998 792
1767 2123
806 1926
2748 259
1988 2608
1255 466
2016 1421
1625 2399
1547 721
639 1436
430 937
765 1416
2661 2625
936 1780
299 2977
500 1475
2440 1527
2883 2751
1895 2148
2694 512
924 1505
2828 2821
74 876
2333 1556
1318 284
1574 399
247 213
2172 2525
2339 483
2645 1914
829 1571
904 330
1737 2335
1324 42
1591 2600
1991 2610
2465 1249
2081 755
1983 2845
1935 1145
1673 2105
2377 1870
104 2941
115 119
653 185
2785 803
48 1859
532 223
1436 2778
1686 2643
713 299
2321 350
1247 2929
669 1765
2396 1861
56 68
701 2373
2397 520
1978 2690
2085 1222
1704 787
1546 967
2641 261
1440 2242
2990 921
468 999
968 1967
2296 1888
970 1445
717 1270
2558 893
155 740
393 1662
1140 1535
2356 2966
2179 536
490 1232
2615 970
1606 2637
79 523
1970 896
1373 1917
1348 2779
882 1261
528 1972
1769 2436
2257 1335
859 2289
2193 2061
2622 631
2032 2410
1301 2728
298 1295
2763 1889
1080 2913
1605 1357
2852 565
3000 1039
2752 21
1696 1569
1 420
758 33
2663 525
1480 2466
1628 2058
2149 2998
1423 1034
1939 1742
1071 2648
935 564
655 2853
1892 93
2186 971
2520 2717
980 1308
1254 594
1314 3000
2542 360
2817 2330
1961 1085
1598 1267
825 428
495 910
2246 2248
835 2762
1135 784
1959 817
894 242
1084 273
1835 2630
1315 606
1489 2217
2683 2530
2411 726
2632 1392
1101 1990
2501 388
1604 2581
782 1349
875 2684
2640 446
575 2411
2897 652
1454 1021
863 2259
2133 535
1903 34
1035 1928
308 663
2480 1998
751 1803
378 1305
1537 2626
301 87
564 1257
2237 2920
303 2160
2831 2872
2314 2004
2191 2275
817 1592
954 1247
2116 1192
928 2927
2192 398
1519 968
1667 705
1865 627
2767 941
2203 7
913 1457
515 1306
249 267
2933 1732
2811 1555
2880 1188
952 1328
906 204
929 1642
1971 809
1825 776
540 688
15 1827
1724 1441
2722 1007
698 611
175 445
2620 868
166 226
2015 1783
2517 646
2744 701
1485 2647
2921 1309
2572 2439
942 66
1063 1336
964 1288
1431 2047
2226 1400
380 885
2322 1
1963 315
2042 796
427 2616
629 1091
2463 362
419 2960
2078 1156
296 44
1282 1779
1076 869
879 773
1199 1276
546 2281
1243 1986
307 2628
2904 813
1378 878
2582 2575
2799 121
2549 2876
2360 431
438 16
812 1624
2805 325
941 882
2690 32
1567 2024
2478 972
2850 582
2089 694
1015 530
327 1562
738 2755
1068 363
2471 196
2734 86
381 2715
2771 827
102 2812
2796 2007
1731 1694
228 241
1798 2222
2652 2128
2664 2301
1640 1446
306 864
2847 2974
1049 2151
1821 643
2915 1755
1740 2100
2959 2877
1271 1937
1770 2096
1067 1591
2485 2931
2156 727
719 135
2216 156
2220 681
324 998
1592 492
2926 2614
256 359
1484 1004
49 2559
1796 2196
1753 1530
2169 836
1278 1982
2025 2627
1669 881
1375 2394
1123 1016
1422 2739
1806 2592
788 1795
2167 1299
2521 542
1654 2204
531 1108
2306 2432
261 775
1336 2403
2236 1693
126 1675
184 1367
1416 2366
2813 2602
1742 133
1047 290
2464 314
1434 2018
1260 1687
2936 1620
1916 563
2788 1871
851 1314
1926 930
2448 1260
1136 2700
1488 1921
1405 1546
2098 2483
1085 1404
2353 336
1285 1776
1832 1411
30 2545
2196 766
289 105
1005 2138
774 2816
732 1959
2366 457
1931 975
258 2917
1807 2165
2484 1864
1352 1202
2524 551
2696 936
1216 1205
499 1707
2154 1209
513 1673
907 465
2048 328
382 124
2585 1541
786 1231
81 2354
279 1337
1008 270
1746 552
2123 2873
109 957
1581 1166
1543 2540
2636 867
2030 549
994 983
23 2935
518 116
2692 1459
2913 2127
551 387
333 1721
797 394
86 2646
475 440
2418 311
2560 1579
2711 2276
2375 1455
1381 2486
1919 2544
2678 2457
901 2733
1464 1203
2264 1533
866 1395
1927 2214
1586 976
2447 954
1636 1223
224 2113
660 1653
416 2198
1932 2167
1775 1701
741 2794
1116 1132
1725 1481
2256 958
1639 2730
2071 2509
1362 2605
1946 2959
1914 2542
2310 2008
1784 1065
2964 811
2249 107
351 1027
201 1989
2688 756
1856 902
366 575
129 2841
1390 1655
2367 1807
2132 920
1250 2771
2414 1987
2660 890
2562 2027
2500 2557
606 2299
1913 2375
543 148
147 1837
1205 221
2202 1469
2184 1821
752 2296
995 550
470 379
1874 2499
592 2425
1292 2676
2109 2793
1864 1431
254 2991
87 748
2020 2735
1460 1711
162 2380
2401 1960
911 2492
72 1938
1559 2797
2598 1388
2277 2907
460 1792
439 2682
963 1573
2104 1924
2305 454
549 1161
2927 1554
57 2170
55 1405
2292 1064
2190 2961
1941 271
1159 1965
619 946
884 2704
622 2179
802 1726
473 504
1145 115
2584 915
2129 1238
2420 2954
682 331
1300 513
2253 2694
1110 764
2334 1318
957 2213
621 2952
274 1207
2159 177
42 1733
1472 2697
464 2934
2512 914
1364 1856
134 1932
1709 2837
1182 1534
2062 516
1721 2042
816 2298
191 906
956 2698
2853 672
206 1656
2120 1358
392 1818
409 1479
2385 110
627 557
1307 708
2010 262
2877 2412
2865 1098
208 2288
748 149
203 2860
2682 1024
1839 1407
1121 2
1804 1377
596 2305
2488 2560
2046 1804
338 209
2268 1298
2058 2050
1904 1170
730 470
92 715
2219 2182
830 2292
1888 583
169 1731
232 1709
2374 283
1679 2482
831 58
2876 1109
810 2863
189 302
2766 696
420 216
2111 541
77 2092
2371 1925
2893 1427
896 55
728 1429
178 1766
1366 576
1685 2033
2207 2139
2266 2561
1253 2384
1928 1030
1335 2576
889 1204
1563 2284
624 1434
1428 30
1587 2304
2412 1876
2674 2830
1776 2114
2750 2657
1768 2764
472 2221
161 1728
750 2558
124 725
370 306
2107 777
576 1341
2603 2250
2529 2827
2286 318
2875 1614
1590 786
2519 2342
1448 338
2635 1410
2725 432
441 2043
2552 585
916 1069
1822 1121
1081 2005
2533 850
680 1836
53 279
2923 1947
440 2077
2153 2431
2265 1312
2801 323
2849 1463
390 2971
2224 589
1051 638
1588 533
2737 150
283 19
1490 416
568 2903
520 1057
1435 2848
2816 2629
138 2654
2144 2926
1299 1650
885 2398
570 1946
1070 373
44 2125
1736 2422
2483 2071
2978 2015
1664 1066
1176 252
1383 1345
696 996
1146 2084
158 1716
2430 2795
992 2488
2769 414
11 2202
1083 2752
1515 771
302 691
127 1885
1325 20
16 2216
2931 1678
2038 1104
160 640
1142 1887
508 2317
2872 343
1425 815
1053 804
795 2318
1062 1935
610 2325
2621 122
1239 2408
2231 1734
73 733
156 845
1652 1313
46 94
1306 2320
2999 1930
1452 1467
1385 80
2779 1079
13 2695
136 53
1171 1488
394 670
985 2858
317 1127
2498 1513
590 368
2492 344
2255 1044
501 67
1399 1253
1614 171
909 1866
272 1011
876 322
97 873
2991 2570
1630 1015
772 2632
766 919
2961 597
535 1741
1419 1802
2593 1927
1469 1817
2551 295
2854 891
961 711
1274 219
2307 2710
426 1671
2124 1070
332 2450
609 1542
2205 1151
800 2512
1925 130
1846 1789
1288 1095
123 407
2047 2589
674 785
668 1116
474 1078
2888 2718
2819 2524
1610 2887
2547 496
1196 847
1321 2611
1038 2487
2985 571
2368 2651
1379 2583
2962 72
1351 2060
1619 2021
663 686
1016 1629
1198 1521
101 2649
39 2316
1964 8
1346 1045
958 2311
1811 2815
2276 2174
2539 1557
1094 1310
600 232
2481 1163
1011 1669
2789 1444
1730 531
2335 2252
1261 2076
983 657
2198 2842
31 2504
1678 1809
2966 188
376 1903
465 1322
2697 2515
608 2831
447 2369
1668 848
908 1906
862 858
2435 1435
1867 175
1955 205
1463 2799
216 2461
1550 382
505 1704
661 1149
2980 2072
2719 668
2864 737
735 2543
2039 1071
1097 2814
291 707
188 749
1474 1729
1341 224
1087 2521
706 614
637 1229
1420 2990
2135 1454
1387 1910
1594 1285
2043 2313
2714 1058
736 1708
1117 877
220 479
2323 984
2556 2471
2112 515
105 2514
625 2378
2611 1798
2945 2069
1263 1902
982 2550
40 1824
2924 1338
149 1415
869 1514
1404 419
1930 2282
2479 794
727 1162
2115 662
2530 2112
1655 2823
1989 1173
645 989
2777 2183
1190 1797
2391 2994
1962 687
1551 2491
2646 1158
2088 1448
1294 2478
1363 2518
4 1502
343 1426
2327 714
614 2832
2468 1255
1483 2867
467 2942
2901 846
1432 1832
1495 1667
1872 14
2984 2097
1799 2118
1715 9
2578 734
2695 1593
1232 673
2242 1147
25 1808
2037 2051
1251 719
553 1363
923 319
2905 1311
1033 1941
1756 268
1091 199
1492 2467
641 2997
587 2350
2175 2562
2879 309
2553 140
597 17
334 182
1952 969
1337 774
2011 1912
1642 981
2596 334
593 1164
1064 2144
2235 1955
2858 2972
2113 2854
2607 1351
1234 2344
1504 2039
1965 153
2382 730
1277 2603
1631 1608
2248 639
934 1054
2507 2586
1613 1129
411 2418
760 1882
2906 37
1661 1847
2108 923
1985 979
1486 1890
45 1009
1406 339
226 2844
1027 1117
194 2494
2128 1951
481 2819
2624 2852
2274 1107
35 2919
617 1196
1855 1600
2474 351
1197 28
2975 768
233 2955
2843 862
2067 2992
745 1210
1342 1788
1833 1862
850 608
642 1501
1517 2979
1570 158
538 494
1465 2967
1671 2882
20 2387
2536 245
1909 2000
106 2804
418 91
2857 129
47 1020
110 645
349 942
408 1101
1329 940
857 950
2940 1940
2293 2163
895 769
647 1307
2101 517
153 1186
529 1831
65 1800
1333 2083
1039 1317
319 2136
1536 1019
2000 473
2832 2493
2839 1756
410 1190
2803 1879
2887 1525
1412 704
1524 2197
2928 233
2907 837
1772 444
151 1648
1711 1846
2856 1942
679 326
2740 2813
1014 123
2742 966
2344 752
2444 1408
2064 1275
1599 1610
1476 1137
2680 1681
1836 179
1741 690
1131 675
2851 982
186 1201
699 47
1332 1120
1700 2727
527 127
840 556
579 526
1108 744
2003 623
1042 358
2594 410
421 2662
1947 2443
757 1225
2574 1262
403 2267
2427 2772
524 1439
2429 2177
1995 234
1901 272
2212 71
135 453
2417 1373
694 1813
2965 1398
119 2747
2091 1617
2855 357
965 1744
2791 2368
787 1725
1046 710
359 73
1249 2194
807 1097
1392 570
1727 1749
240 1036
1194 632
397 225
734 1171
1177 1963
2662 59
2201 2745
2422 1056
1755 2659
2784 1589
1800 160
626 605
489 1487
398 1195
832 2680
2780 1796
944 655
1451 1035
399 82
2262 2624
1349 679
955 887
1446 658
1683 203
5 750
180 593
809 822
277 2836
2656 2713
1601 46
1841 2464
695 2579
1426 459
2376 2035
1875 1714
993 2833
2504 2337
1622 356
2840 2440
588 559
975 1706
1340 2026
1710 1969
2541 2129
860 1585
1424 1658
565 1893
2989 1515
2997 2661
2702 2569
659 248
2700 2098
865 798
2579 2310
197 924
2759 739
2751 1999
2022 2869
2243 1379
847 2142
2684 441
297 198
313 1599
986 287
1370 2327
2381 1414
1845 2314
691 1634
2013 1791
2298 952
704 2567
94 2468
1648 1865
1438 2231
2922 389
2157 421
1898 1622
1984 2268
775 1119
2324 753
2712 671
2943 433
100 1087
2439 782
932 925
68 1460
1163 1333
310 1583
1450 250
2254 1764
1407 2028
2600 2208
2407 1748
640 1272
657 2866
1912 761
1942 1106
801 404
442 2413
336 1000
1304 2385
58 2541
903 677
2746 625
2409 1008
2313 434
611 2753
2012 1346
1580 2133
493 2940
523 418
2053 1200
2200 1243
507 1722
2909 2577
2459 1850
98 2209
1828 1762
2258 372
2798 1810
2971 759
2874 249
396 2086
2364 254
2706 2965
2627 1596
1276 2271
417 1150
207 1073
2996 1128
2701 907
1467 170
2739 1581
1582 25
2720 1325
2285 1484
1218 718
1119 1784
448 2087
1222 901
943 285
1497 2636
2741 912
80 1499
819 929
1744 147
1391 1860
1093 2893
636 2168
826 2731
998 1452
1143 2472
242 2023
1573 2480
987 70
2554 1319
1810 874
2230 1063
2995 1743
1993 2401
1020 1428
1361 2308
777 2980
1945 2107
1367 529
372 986
1907 2420
2898 2989
491 1616
1774 1050
545 108
2214 1115
1863 1628
693 429
1954 1962
195 2484
2340 2383
2061 288
1827 2517
2653 2546
476 2645
1018 1228
2171 2448
117 2207
1861 342
2403 2982
202 2656
1214 1013
2008 2310
1650 2650
320 1775
2069 1666
2987 953
1309 2345
2713 2901
1676 64
1749 1613
1052 1265
2526 159
2208 1284
1771 436
2667 1618
19 2618
1369 2189
70 1331
2626 327
1712 2266
2976 842
569 2888
813 192
2878 96
292 1130
2365 1985
2670 369
230 56
335 2290
939 1598
2573 1506
2723 2269
2049 2880
2173 805
585 61
2773 2247
2350 2884
1072 218
2955 435
64 2453
1313 292
341 2759
2477 2009
193 1369
2279 2732
1782 1719
400 1526
2825 217
36 833
1376 2424
1430 1219
2930 2164
1459 2709
2806 2200
1802 1258
2282 1623
1705 577
2749 169
883 1627
2311 2395
262 2085
1227 2153
1623 1649
2240 2548
108 540
2677 963
2331 1841
503 381
2938 1602
561 1139
2727 700
1487 1697
583 2374
613 2025
2291 2788
780 2110
1462 634
1334 1816
1031 1329
353 154
2008 1531
2245 1520
2054 2293
2884 1607
966 2122
791 1076
2836 1197
937 463
492 348
1186 413
1596 636
563 1037
168 661
1532 1551
2437 1518
389 104
897 1609
578 592
89 2776
519 1814
50 956
1439 211
1112 51
1949 1958
845 1189
1107 1544
2056 2273
988 54
1203 2407
238 2388
1528 2406
2871 1138
453 1477
2392 1376
2935 595
1869 2376
1001 2358
1762 2036
1322 843
1854 391
2143 2862
286 2701
2325 212
2150 1601
1553 598
1044 2306
309 2885
196 1006
2637 944
1641 2599
2602 1944
1720 81
1345 988
1170 2116
746 2218
1560 683
455 2265
2617 2340
14 1081
1920 11
823 2533
533 2132
1902 1688
2757 1321
2284 1767
2073 1561
443 2074
32 1867
436 2722
2970 791
681 1997
654 487
459 2529
2932 2447
1620 2641
1169 1970
822 195
1886 2846
1564 1374
2001 2393
1089 1022
2449 2973
1951 1332
2446 2341
146 938
2892 2022
1493 26
1990 2886
2768 904
1647 1684
2969 1908
1125 659
1998 2309
1241 2671
2814 1464
2643 2828
2018 1239
1409 1705
241 2143
2234 90
1763 2294
2259 427
1555 1975
2827 560
990 1031
1012 2923
377 2193
1118 1301
2425 1522
1684 2669
1144 367
1339 206
2548 731
323 1672
1298 1695
2671 2915
1157 555
1147 321
248 1995
6 162
793 992
2896 2212
484 300
1132 987
2967 1516
789 572
803 405
1455 2532
1660 22
21 2068
2704 1458
406 2737
2045 2430
1283 2921
1569 1691
171 2404
2404 1637
1286 2348
2289 807
2050 125
1041 1359
2830 2230
2210 2211
1393 451
253 2280
269 1843
59 88
2122 266
892 408
2644 762
1180 1839
2490 2010
2470 1574
176 2773
716 2981
2328 602
2431 2355
218 2156
2438 2879
2781 745
2082 2613
1713 1777
1164 613
2426 2381
2870 355
2421 2808
1498 386
1890 257
2093 1787
1618 618
2152 1230
581 370
1043 278
2890 2175
781 255
2728 151
2309 1122
675 883
165 1633
933 1698
145 296
2842 2322
2577 2566
574 2260
2532 1747
2489 1736
33 1931
2442 650
888 1096
2804 630
144 383
2546 2956
355 2135
471 757
764 2615
2914 1244
1893 649
2399 2364
2059 482
612 1663
1866 1323
95 2115
2342 2002
2130 1720
2952 1793
2979 934
700 522
331 2938
915 508
2330 460
1347 1396
2103 126
2743 1143
2294 1028
1812 1347
1637 590
1088 345
1976 52
2380 1874
855 1289
2351 795
1526 770
167 678
971 1316
1328 1560
2783 244
1437 2665
2413 1371
487 2574
1006 1715
2051 2937
395 2106
267 2721
431 1919
152 1026
2127 1480
2182 913
1449 2508
2094 2454
522 201
1938 2820
214 1582
2320 2498
755 247
1338 187
756 2640
2715 2571
1148 2951
2808 1895
2168 2932
808 1290
1444 2255
1004 1660
1237 1661
354 519
2860 834
1291 1266
2347 2958
96 139
91 2452
264 2099
1028 39
252 2810
2271 2622
1417 2970
1026 2549
1212 1181
718 2757
1461 802
352 1278
211 1242
2281 191
1262 539
243 1739
1729 1100
1368 2303
2304 653
844 2536
1583 1418
1024 616
984 1029
2326 2402
37 200
900 1916
401 173
2882 35
1200 872
1758 2784
1626 578
190 2944
2410 939
2004 899
1075 2591
1808 500
692 1354
2774 1904
697 651
1530 778
1726 1390
2341 2899
2453 291
1082 1578
2776 385
2084 544
225 1419
1326 2241
2244 400
2793 612
1675 783
747 2414
2845 304
2096 2065
1372 1447
1829 654
1050 763
1681 2620
709 1302
1165 1595
1940 580
1788 422
1884 1110
649 1413
2639 799
878 994
2361 2922
2829 1005
340 619
1477 1406
1803 77
601 2930
445 1315
1975 2475
2074 2568
959 2456
1350 2666
2735 1517
514 767
2134 438
288 1872
1521 1486
887 2236
1124 1055
2616 1280
1795 1082
2027 2801
1747 2363
920 365
2939 2176
62 674
330 1494
1734 1355
1674 2223
2288 1849
1797 1113
2215 591
1565 1950
250 2674
541 2052
407 2382
2189 1858
2992 2256
1937 854
2503 689
1548 2262
2486 1271
2631 1176
784 2928
1491 2057
550 1153
1036 2621
2362 2520
1266 280
1086 908
2308 1735
1708 2181
1826 2791
1871 222
1778 732
2223 909
2352 277
2581 2796
2126 1099
1645 1898
2605 1778
2642 1524
1643 2287
2729 865
1585 2331
1403 818
2002 2910
1056 712
2452 2688
2628 736
947 2748
2655 579
26 1537
761 1878
666 1090
2679 1453
677 1519
365 1774
1670 2554
635 2442
282 1869
2252 2367
646 760
1544 861
1139 2251
1100 141
2786 458
651 2703
2185 2082
725 174
1719 426
1691 83
1656 1923
1034 2809
477 2780
1535 189
2505 2712
708 626
1844 1364
2650 2228
656 286
1248 2724
2161 1654
1109 729
1045 2356
2956 1954
2895 313
1210 2878
1900 1740
2754 1603
1934 117
2947 1397
1838 1511
2166 1391
2174 2750
1356 2742
720 831
950 897
2080 401
628 1594
554 471
2972 354
1816 260
1527 1790
2736 884
2499 2140
27 2890
71 1507
1433 2792
960 146
1688 1703
227 669
1358 1575
1651 2902
2057 1815
1167 514
1257 1659
163 1114
1790 106
2102 180
1360 810
2910 1105
1562 1873
285 2001
2160 57
1228 1482
776 2851
143 1979
1284 2527
2787 2034
1597 2333
1819 1806
2760 111
1777 353
690 2446
329 2705
2138 2597
384 282
881 2818
2988 879
93 1422
818 1430
2055 1723
834 1639
991 1123
1624 1485
1188 2939
2063 1900
2406 2056
1572 1657
1134 1126
148 2798
1149 2555
1629 65
494 1572
842 1294
1882 186
2394 2108
215 2723
2355 859
2528 1224
644 301
1475 945
974 220
2810 1566
1137 2041
1343 165
1703 2203
2873 2573
1830 2103
2834 728
2506 599
643 2749
1264 2339
257 603
729 2049
880 2079
712 1214
2797 1470
1209 1086
1513 2190
2659 298
2227 2184
2213 1159
703 1215
999 1075
2105 1154
405 1049
1611 2237
2848 1394
1818 371
1953 1052
383 2016
1554 100
1040 2777
1305 1461
321 12
534 1512
113 521
2917 2244
1781 1953
2588 1084
404 1320
103 1948
457 392
969 402
2844 2826
114 2029
945 2249
1979 240
2544 703
1153 554
1857 2969
295 935
2523 898
425 1615
276 781
2209 1828
749 2462
2072 76
2312 258
2398 2062
949 1375
1173 568
1908 1287
1905 1933
858 1830
2583 1297
989 1991
707 2912
154 880
722 340
1981 2714
2812 1992
239 2889
1384 806
1879 2270
759 312
1732 1148
2106 506
1531 2946
577 1237
2033 2522
2756 2769
558 2535
1759 2102
714 1380
1189 660
2363 2802
446 717
821 2031
314 1880
1297 2678
1897 118
940 524
2183 2104
1219 1852
2393 584
771 1198
2925 789
525 1245
1380 1217
1019 2346
2974 1043
509 1010
1359 604
2732 2896
88 537
1666 489
536 2055
2800 485
2761 962
1690 2438
1733 1699
454 1922
2317 243
1632 2993
573 814
1766 857
785 624
2318 821
1179 2859
2118 2849
1505 1449
413 1626
463 264
2164 841
1735 1103
1910 1835
566 955
1634 1212
185 2370
1868 23
1090 1984
1887 1236
1456 1892
210 2477
2077 2489
2912 1274
978 1664
673 797
2400 1782
1295 1811
1245 2987
2137 1993
2476 2012
2950 1532
2693 2978
1059 1509
1948 1074
2954 113
1270 1905
852 289
1707 562
586 1500
424 1636
2633 442
1105 2596
1155 1077
1552 1152
1127 1360
744 163
2862 2091
2162 2044
1723 2117
2823 1768
2647 2553
633 502
891 1983
204 1625
867 2957
856 276
1714 2945
1638 1576
192 1177
584 723
537 2246
1801 1786
139 2673
423 741
2338 2109
373 2634
182 468
1156 1442
1204 103
1354 855
2170 1067
2545 1587
1191 2594
2538 305
615 1462
284 1676
275 1822
1698 1300
678 738
2608 1206
2601 2598
1697 168
2705 2692
1848 2362
2675 1964
2867 2949
1589 2239
1607 2706
1967 2609
710 926
142 1002
2515 467
1602 1630
1520 871
2968 1936
510 2894
827 742
237 294
1672 2336
1331 2169
2287 38
2668 2606
2731 481
177 2865
1534 303
1496 462
2495 1180
2019 2121
1181 2707
676 2984
199 2670
1820 889
1154 2307
2009 1339
315 1567
1509 980
868 2660
1873 1737
1745 1216
1029 2551
2815 499
259 1845
466 1001
1851 1829
684 1134
1221 2760
1883 1685
479 1692
2247 2720
1824 228
996 1854
2623 2253
122 569
1880 2962
1693 2652
1308 374
174 2531
1290 2502
1680 1489
140 2020
75 2803
1750 1770
567 1471
1649 2829
1997 702
582 97
435 2711
1616 1980
542 346
931 709
2095 1304
1956 1508
1193 1570
948 1496
137 1536
796 2171
2079 238
1246 2726
1852 2119
1653 2789
2181 1061
1944 692
2689 1718
917 667
2455 1612
1922 4
2613 1136
2295 1264
1571 1281
1195 2361
280 1760
1310 317
478 629
2300 1165
1878 808
1687 120
2131 2881
938 157
2818 2149
552 2539
1411 2479
2114 2639
2110 2229
483 2215
2024 1886
1413 1468
12 2089
290 2672
2590 518
2716 2187
1269 2874
1858 1745
2206 1781
2141 534
658 754
1453 2088
1471 2623
814 2767
1037 586
2140 2909
2687 2030
1138 928
2441 2506
1184 832
219 230
2267 92
602 2473
2654 2790
363 69
1695 89
547 2326
2676 490
1837 1387
141 390
1025 456
589 2279
223 1424
2866 2578
2142 1773
2537 1417
1185 2507
1240 251
1644 18
2762 888
1473 2916
1174 183
914 2607
2261 1738
2586 2283
84 829
1244 310
769 2365
2383 423
312 45
2820 1277
715 2319
742 207
2151 2754
1859 2588
2575 145
2176 1250
2977 2782
2250 486
997 2038
2451 214
910 1344
1621 1014
763 2192
2301 1853
2233 2173
1389 621
2673 2334
1966 2285
1183 1915
2087 1443
2981 2925
705 2746
2778 2441
1415 2297
449 977
2666 2580
2755 1183
120 1012
1106 384
402 1259
1079 15
2155 377
1911 2774
2456 724
469 1949
737 1018
61 361
2770 2683
212 417
1958 497
1421 2906
2937 308
432 2261
1122 656
99 2463
951 620
482 1381
849 2840
516 1476
1943 1492
497 2054
2567 780
1986 684
346 772
2514 1490
1215 758
768 2604
1429 1981
1814 2396
1395 918
450 2130
1522 835
811 825
2461 1393
723 1491
451 665
1303 545
820 2032
2566 447
1447 2953
187 1094
1120 269
2358 98
2332 1896
1823 642
1128 1754
2462 735
2 2740
2891 567
1518 961
1923 474
83 828
1226 1812
733 2986
773 335
1523 1093
2378 2964
1275 1174
902 2037
41 933
415 964
1566 412
1918 1604
1152 85
1743 2638
2809 609
260 2664
762 2505
1009 870
1969 820
841 95
1502 641
2518 2201
1558 239
2516 852
853 849
2841 2315
1098 1712
422 505
8 2500
1791 455
90 1279
2384 1273
1876 1851
591 1717
1115 1651
1268 142
2604 2154
638 2496
798 2985
1000 2864
2863 2371
2951 1365
2270 1385
1860 1451
356 1362
1921 2898
1206 1763
1973 425
838 1384
287 1713
2963 172
1994 2465
1201 993
1442 2445
2494 2188
1500 633
721 2377
2031 2352
2794 2295
560 1125
391 2891
198 2667
2163 2131
2145 622
2606 1759
125 2744
687 558
2395 2766
2597 138
2726 409
2029 74
2272 1497
1114 1088
2522 1168
792 2137
318 2738
118 1553
2070 1668
1074 765
648 528
444 1160
2372 2786
2568 1956
1706 2696
864 860
1533 62
1021 863
930 2768
632 2191
7 2736
2747 2019
311 1140
665 1805
2738 161
67 1133
17 1155
2609 461
2052 231
2297 922
1158 1952
1213 2323
2730 1753
2139 2263
1849 1543
2802 1934
2859 510
1365 2519
731 779
1150 2996
362 472
339 2409
1202 1929
919 2485
1060 1730
1111 380
1789 1199
1401 716
595 2232
2177 78
456 1403
1211 2120
1701 548
1722 1440
1103 2059
2232 144
1160 2437
2792 2357
34 1193
1096 194
2379 2908
843 1291
1764 561
2006 892
839 41
263 40
1077 747
1514 816
804 2360
281 2582
743 1378
2389 2379
1225 2067
2343 1652
1220 2444
2028 2152
2822 2976
2709 2095
1862 2111
1374 5
1223 2233
886 1647
652 102
1754 2895
2510 2870
833 190
131 2572
2329 2066
2416 553
2060 2219
388 2417
1780 1191
337 1352
2944 2834
1924 2449
236 1144
350 1131
2472 2513
304 2679
2918 1918
571 2157
770 2617
1843 256
244 1605
2807 2274
1168 943
345 430
2564 1399
2592 2433
2587 2166
2724 990
2929 2875
245 2312
128 349
1793 1437
1481 2781
1468 1529
2948 84
2658 79
2475 507
1792 2663
173 1135
1787 1089
1917 2883
1296 1142
235 2526
2405 341
506 307
1054 333
1510 2064
2269 2871
386 2195
2665 1971
488 947
1738 680
1133 2332
689 1456
598 2537
2119 1366
1151 469
2534 1724
2302 1696
559 1372
2610 2999
2908 574
358 1256
294 2847
246 2245
872 1032
1192 2006
1224 293
1847 2014
753 1350
1974 2511
1987 50
1817 2426
1272 2644
620 722
2497 1080
2066 2146
121 1023
2373 2134
1273 1504
1608 2291
877 1389
1899 2835
2458 2328
2148 1003
2993 900
1999 2017
1992 2040
1950 2321
2251 1646
874 2719
2005 2429
2225 601
28 812
368 1083
485 143
2614 2699
1786 1586
1466 974
461 1157
179 2806
1718 1538
2345 1772
754 2655
2899 2235
1516 1252
2434 1820
22 1539
2075 648
1242 137
2571 2141
2370 693
873 2455
1739 2258
1482 1857
2083 366
1355 2474
688 1670
2487 49
739 637
1960 1466
1400 2391
265 337
266 1254
2686 2243
1402 676
511 1194
429 437
2349 1643
1410 2675
1441 2490
2703 1645
790 2238
1540 1690
2040 948
1936 478
112 164
2886 1976
1785 2210
2638 236
361 263
2187 2205
2218 396
255 1641
1612 600
433 1226
898 2595
2902 1619
328 2785
2099 1211
1870 176
2432 2911
271 2155
305 1033
2559 2702
1576 2619
1396 790
572 1751
486 1911
846 1801
213 2850
972 1838
2973 1185
2649 886
1312 329
1538 1799
1408 1700
2629 112
2540 1478
1635 1631
1394 1286
927 1343
2657 253
2044 2469
2525 2428
672 2914
2086 1884
1069 1590
2386 2800
1102 2995
2035 2435
504 1943
1092 2206
1609 376
1815 2685
2147 581
562 1834
630 1368
2436 1638
861 2302
2076 1611
2467 1423
2238 1565
69 1102
2197 2765
1187 546
1397 2172
1311 2839
1208 424
2838 134
278 1182
229 587
9 2756
2469 1353
2433 801
686 491
2369 2918
342 2070
683 2534
1831 1881
1896 1785
1236 43
973 10
2580 511
2121 819
512 1175
1773 1757
1525 1038
1281 2822
1302 498
2699 2185
2229 2936
953 2824
664 2046
2280 493
1166 1826
183 2343
43 2423
1061 2734
414 2612
369 2434
2986 2763
1889 2775
2920 1771
2591 960
921 2180
2158 2943
837 2725
2402 1041
1235 1897
133 2234
2630 2389
794 1062
374 1401
599 1907
1095 793
52 547
2100 2642
1382 2843
805 2460
1065 1568
981 800
2513 1564
2868 664
2195 297
1130 1761
2669 2240
726 114
2283 2347
1494 1432
1252 720
1030 2278
2388 1498
2651 1269
544 1473
1506 1420
293 1855
371 181
2273 997
2021 2075
458 415
326 464
1017 824
2466 1382
926 2528
557 2264
2511 275
1279 1769
634 1042
452 1465
2681 2523
1783 2783
387 132
667 1996
1682 2277
347 227
2894 1263
2204 2220
1842 2081
1141 2254
1840 682
848 364
2457 666
2336 237
2942 1474
1293 2093
1289 439
740 2405
111 2225
2387 2691
779 2811
1217 1438
2092 2145
1507 1342
2319 1621
1256 851
946 1559
1578 2162
1229 2983
1230 2353
1996 1632
1957 2257
2885 635
1178 894
1371 36
1980 1233
604 2904
2900 538
977 2159
1577 215
1794 450
815 2924
799 2868
270 397
170 1689
172 128
1658 573
2034 844
462 1146
2535 695
348 2635
116 1240
1126 1665
2550 2078
976 1640
1323 1218
1545 2199
2543 1710
1627 2400
711 202
1915 2011
1752 2178
1238 2552
2415 1901
375 2415
164 2227
2612 3
1458 2587
539 1213
2445 699
2428 265
1129 1493
181 2855
51 588
2354 1172
1663 1060
2097 484
2745 197
498 2459
2691 2741
2911 1758
631 1169
1175 281
2390 1877
2569 1386
76 63
1055 866
2221 167
1287 1752
1646 1840
905 1875
1013 2556
1561 347
344 1068
2419 2905
1478 2963
1575 75
251 1053
367 1340
1694 2476
200 965
1717 1187
1761 31
899 949
2846 2761
150 903
480 2503
2861 1235
63 152
1584 1899
2502 1577
2125 1974
325 1848
724 2947
670 1433
2994 2633
2315 2948
1319 476
605 2693
890 1819
10 210
1259 2013
603 959
82 1412
1933 2825
1677 24
1344 193
1906 2351
1615 1635
912 2161
1032 2729
2672 532
1398 448
2408 1680
2625 2397
1853 2080
1007 1945
517 1549
2563 1025
18 375
1099 1292
1968 1909
29 2805
2090 2563
2718 1794
2165 1891
268 931
1593 1588
530 1178
2017 320
