1000 5000
35 43
98 72
69 75
73 65
81 94
14 47
50 68
22 66
98 75
43 67
33 64
71 18
93 44
73 57
22 34
62 28
67 11
21 10
67 84
79 20
88 35
41 25
89 15
79 44
95 91
55 29
10 50
95 84
83 72
98 27
79 38
70 85
26 86
98 74
47 20
63 95
30 27
85 49
74 62
59 29
76 35
58 11
23 59
19 16
54 92
55 13
13 75
70 51
97 48
67 51
25 73
69 83
89 31
29 85
76 36
65 89
53 68
86 39
96 100
18 80
61 14
35 92
32 15
92 79
16 67
92 34
71 96
12 26
92 77
37 76
27 30
94 33
59 44
64 78
63 20
59 49
33 54
32 43
69 73
63 46
69 32
51 76
71 66
25 77
77 45
22 37
39 10
21 68
92 52
62 79
95 33
13 55
30 55
81 97
83 78
37 24
89 45
81 82
37 82
47 82
44 95
81 26
22 43
22 65
31 23
97 17
55 33
92 90
23 74
50 45
85 18
47 50
30 43
42 18
11 62
42 63
11 17
22 40
12 49
25 22
97 81
83 54
50 68
87 90
93 88
14 61
50 87
37 86
69 64
96 25
97 57
74 97
42 59
47 55
17 65
13 46
98 52
47 25
48 63
50 84
12 79
53 35
81 17
24 30
89 25
25 14
26 76
55 86
92 93
48 13
64 84
26 55
63 59
58 40
63 94
38 26
33 79
13 94
79 97
81 60
42 28
39 12
12 45
79 71
63 43
50 27
90 85
21 32
80 14
93 75
43 53
91 76
50 17
94 11
90 41
70 17
38 96
75 29
61 100
56 39
81 45
53 35
57 55
68 91
68 80
70 96
84 49
34 30
90 62
29 72
10 55
76 99
62 14
91 32
20 48
57 79
43 27
22 12
78 37
99 84
49 83
15 60
58 78
76 92
94 30
75 23
20 28
59 52
80 43
49 15
85 94
34 30
47 47
79 46
55 27
59 34
90 11
87 92
71 64
55 78
31 76
13 32
50 79
28 30
13 24
75 95
100 92
10 57
18 57
48 37
78 29
86 88
41 26
23 51
72 23
19 58
43 88
48 92
25 54
70 73
25 81
76 41
55 97
68 84
54 20
18 21
73 49
43 94
38 31
51 65
74 81
52 51
94 73
61 50
32 35
69 38
98 54
54 62
85 58
37 29
66 82
94 26
65 44
52 25
50 44
66 43
28 79
90 44
39 52
28 81
25 44
47 83
68 91
61 61
12 80
52 96
62 53
22 96
73 96
91 95
79 76
36 64
55 92
52 17
61 32
11 44
81 99
42 26
52 84
92 88
63 70
71 53
11 14
38 91
25 94
44 51
12 36
68 75
45 89
90 57
20 81
98 34
78 11
22 29
52 38
69 36
87 96
31 100
49 20
82 63
76 97
85 81
27 23
13 44
63 15
33 80
75 39
70 94
94 53
53 54
50 87
71 42
72 51
42 14
92 72
27 12
71 56
42 69
35 57
45 75
61 48
37 84
16 62
18 92
94 75
97 78
48 71
88 21
75 76
86 51
72 50
94 53
56 33
19 81
32 42
77 76
59 90
23 87
37 13
69 40
36 64
75 77
26 75
37 44
72 27
81 96
51 56
93 60
78 88
79 34
29 87
80 100
29 28
26 94
83 17
95 14
45 48
32 27
44 79
98 55
26 68
31 33
98 16
33 97
29 62
92 89
72 79
13 48
38 75
56 79
21 69
97 62
29 51
28 75
15 70
10 17
22 55
85 100
99 42
52 13
30 74
34 21
64 94
65 35
31 40
38 94
73 37
57 30
78 64
64 68
56 100
36 49
90 66
81 87
71 21
37 35
24 20
55 96
89 98
30 24
32 36
92 65
34 64
13 80
28 92
91 44
46 56
60 11
71 76
68 44
55 72
27 23
28 81
38 55
68 58
87 91
85 16
99 95
81 51
42 97
20 69
69 54
79 77
77 22
45 47
14 20
85 15
18 77
67 82
23 59
92 83
68 88
71 79
12 29
50 27
13 23
60 21
31 78
42 12
15 19
87 76
25 52
29 49
70 40
51 69
98 41
61 40
75 50
63 15
72 41
86 33
66 34
24 85
70 85
58 71
77 12
73 37
59 14
77 69
27 47
40 76
50 44
65 84
13 55
87 76
31 77
25 82
57 37
85 19
80 31
68 61
24 23
63 61
10 41
35 16
43 31
77 44
57 20
42 31
14 37
100 90
81 24
67 80
95 14
55 98
69 75
90 14
34 93
93 71
16 47
21 31
93 18
45 36
10 46
89 92
15 70
43 19
99 79
31 80
91 76
84 79
40 73
16 79
55 39
78 60
69 21
41 14
11 62
59 81
21 66
96 89
32 31
40 31
81 35
74 53
61 45
92 93
31 69
21 12
54 19
26 82
76 41
70 98
29 97
51 32
73 80
24 27
10 58
21 99
73 90
63 95
82 53
75 55
20 97
85 12
93 42
40 24
58 41
48 86
96 83
97 82
32 49
78 11
13 53
32 68
85 22
41 95
70 30
87 74
94 71
24 18
26 10
88 77
49 28
62 42
12 66
87 47
29 58
91 90
10 66
85 25
22 39
51 66
18 59
45 66
66 48
42 67
89 62
70 47
50 31
23 88
80 13
36 37
99 47
61 38
98 95
51 31
22 39
59 26
86 52
92 78
60 36
88 80
48 79
78 58
98 43
54 67
41 32
75 48
14 89
35 48
31 65
95 84
26 66
58 91
73 97
17 88
49 14
86 75
53 81
48 62
38 98
90 78
75 46
95 88
74 54
54 59
77 38
11 63
77 64
59 89
56 41
81 84
58 55
13 23
40 37
32 72
89 60
70 30
65 75
34 57
13 79
20 22
24 37
60 25
68 86
54 91
76 90
22 63
40 51
49 10
22 18
53 94
29 68
90 62
22 92
23 34
80 72
53 86
33 25
21 54
40 29
66 69
22 80
64 26
21 12
97 69
64 18
66 73
17 67
70 54
22 16
62 33
64 91
18 42
79 77
41 64
23 54
31 11
28 87
87 49
43 65
23 98
38 56
19 62
91 20
83 89
43 50
64 88
84 49
39 87
77 33
77 63
42 14
81 88
42 77
68 47
62 43
36 100
85 66
30 55
76 49
43 49
24 87
41 10
35 86
86 53
99 50
91 25
94 53
61 92
64 88
69 87
58 96
23 57
65 97
67 84
51 82
58 55
11 55
59 54
42 71
11 56
62 69
15 87
12 100
47 79
79 16
24 52
65 43
59 48
100 42
10 36
37 17
19 39
32 16
100 56
89 79
68 23
96 88
78 76
91 89
16 47
26 23
63 39
24 98
18 23
19 85
59 14
27 66
81 13
46 62
57 81
96 66
34 16
63 49
29 44
91 78
31 87
60 16
18 68
83 62
71 66
91 91
28 10
46 22
26 65
34 44
69 77
89 29
36 51
30 98
47 13
23 34
69 59
19 56
60 19
11 56
83 95
21 45
80 38
34 53
42 21
48 78
81 24
79 19
98 38
69 81
54 27
31 29
34 80
42 97
25 59
42 85
92 70
56 34
34 32
56 70
18 91
86 27
89 46
78 16
81 54
38 45
70 91
14 49
29 44
68 60
23 36
49 25
43 96
63 19
71 50
46 48
26 99
16 18
47 65
21 35
93 35
79 11
13 50
35 13
90 50
22 42
73 76
62 97
52 79
88 38
15 55
96 83
73 97
72 98
64 17
90 93
53 56
35 79
42 81
91 77
54 61
78 20
91 92
12 65
69 97
16 92
86 15
70 28
94 70
61 25
92 55
25 43
25 41
64 38
92 36
45 37
68 97
11 25
14 77
70 54
32 60
92 26
35 99
87 48
32 49
65 46
64 65
81 65
35 21
60 58
57 37
87 79
86 83
100 72
43 50
40 52
80 21
34 44
33 20
68 32
38 38
49 89
62 69
68 15
45 47
98 21
90 15
45 69
53 99
18 59
77 75
65 50
63 21
25 99
97 45
25 100
17 76
26 41
51 83
50 38
43 88
96 44
11 96
46 31
82 45
71 45
68 76
19 80
26 44
44 60
11 32
60 21
89 57
61 81
98 10
81 10
18 17
12 15
90 50
91 26
12 12
72 16
12 85
23 66
16 35
86 29
73 35
38 14
57 67
14 35
14 49
77 74
71 67
98 77
98 22
63 100
61 19
23 49
61 40
55 20
20 10
33 13
41 75
40 14
16 49
10 90
36 10
10 49
31 59
35 66
21 65
73 22
53 54
32 85
41 15
20 27
63 66
15 75
100 21
29 87
67 70
12 53
73 87
32 84
100 89
31 36
86 75
18 34
35 72
17 26
72 97
22 75
63 25
57 81
25 27
84 86
86 23
47 72
12 95
61 70
53 50
43 79
50 17
64 60
39 52
22 60
73 63
76 28
50 84
69 35
42 80
21 27
44 25
68 97
97 100
30 58
43 38
62 60
29 76
31 83
13 94
88 32
11 77
27 100
49 29
90 29
13 47
27 61
30 76
38 69
98 13
97 86
