1000 5000
91 99
56 15
58 17
92 25
79 76
85 95
81 67
11 48
25 50
25 69
78 16
23 39
39 90
28 53
32 59
85 56
65 34
92 70
77 27
69 60
98 14
92 75
27 22
98 85
61 90
23 32
22 34
77 54
61 17
68 15
12 31
26 37
79 61
98 84
60 86
52 36
43 38
26 72
47 60
50 51
14 18
35 56
25 16
100 16
65 34
72 19
70 19
92 25
31 44
38 40
90 56
19 63
53 80
56 14
86 81
93 62
79 12
23 51
42 37
23 59
19 15
34 90
13 28
32 54
10 30
23 55
30 10
57 25
20 44
78 27
86 93
42 24
75 37
46 24
82 12
77 27
37 75
61 91
18 39
57 26
24 26
33 32
37 99
76 95
98 58
36 72
78 69
72 60
15 47
11 56
49 31
46 59
76 98
51 46
96 29
42 27
67 65
44 19
91 100
30 88
90 72
49 42
90 66
61 61
15 45
69 21
38 88
39 60
16 94
56 53
12 46
83 60
56 68
11 83
62 16
53 64
43 99
38 39
36 75
69 96
87 31
59 79
71 69
23 11
89 86
61 46
42 46
61 86
49 15
41 68
32 13
50 63
79 41
26 63
59 96
10 71
53 59
74 85
58 55
20 62
48 79
17 73
81 77
32 15
94 41
83 65
31 33
14 84
90 78
66 62
83 52
41 88
73 21
24 10
13 82
76 86
73 62
95 12
13 32
75 26
31 11
73 12
21 90
64 88
28 89
76 43
49 33
73 76
28 16
99 58
29 45
44 37
18 69
66 44
64 59
44 36
31 90
36 24
65 99
70 66
67 86
30 20
46 21
99 57
37 47
48 66
92 87
94 60
66 27
92 54
32 18
78 85
83 14
36 37
31 19
26 65
100 60
75 63
85 30
31 69
21 38
77 34
25 32
82 44
72 21
57 95
13 95
26 91
89 57
29 88
33 17
72 47
31 53
59 51
73 82
74 34
70 22
72 99
61 37
47 51
29 65
14 100
64 43
50 10
19 19
47 57
88 46
62 14
83 65
56 91
78 46
52 15
13 68
90 44
76 51
24 46
79 24
10 24
36 40
18 57
64 15
43 97
13 80
35 69
75 19
87 52
92 99
89 63
18 11
19 17
24 83
100 53
46 43
49 58
18 56
23 55
72 54
95 41
89 90
91 27
18 16
95 31
54 47
83 14
90 88
31 93
18 80
92 74
89 17
46 84
87 52
41 19
48 32
38 72
90 39
37 92
58 92
82 66
82 50
22 63
77 51
46 28
44 69
48 43
75 11
52 84
44 87
74 15
58 57
56 76
55 65
27 51
33 78
44 51
65 19
76 63
100 37
43 13
92 54
61 20
37 57
73 56
12 62
84 99
46 30
63 93
59 92
89 79
94 25
92 49
94 36
41 19
69 88
20 44
38 98
13 72
45 68
67 66
59 34
96 81
76 92
61 93
82 19
78 11
49 99
44 19
76 65
18 39
93 93
42 15
64 88
91 50
64 39
23 44
34 84
97 56
45 61
24 75
17 67
54 58
66 78
24 73
28 98
45 99
59 61
47 19
31 28
11 33
74 44
80 53
26 95
52 80
12 30
96 57
90 69
88 96
66 78
18 72
58 76
75 73
75 42
83 83
85 61
95 25
72 86
68 79
92 54
50 72
53 62
64 11
57 56
47 92
77 34
95 99
96 100
99 91
62 72
17 79
79 73
74 53
34 18
60 33
43 48
76 68
18 72
67 43
76 35
62 91
45 15
35 27
11 19
82 21
66 31
27 88
16 36
51 68
53 14
50 77
15 70
72 69
74 53
98 48
55 70
85 21
13 24
59 84
83 32
88 37
77 34
27 67
21 71
45 50
25 45
37 50
25 25
51 83
36 73
91 75
67 34
61 61
71 99
49 71
19 49
69 35
27 38
21 31
44 57
27 80
72 71
24 38
32 67
44 42
11 47
38 15
83 63
45 32
76 30
49 36
25 48
37 35
53 83
21 75
36 75
22 91
47 99
88 52
70 46
47 19
51 78
58 60
31 93
70 19
27 56
98 29
13 100
48 91
28 60
57 18
20 96
97 59
33 60
89 53
79 40
55 88
17 32
70 19
16 56
28 79
60 55
84 49
64 12
51 54
21 90
75 38
16 12
90 14
67 18
49 59
51 56
52 67
32 99
31 36
44 76
78 76
39 16
31 29
61 53
42 88
14 76
85 76
31 38
40 74
44 36
10 53
85 10
98 64
24 88
26 28
66 57
51 39
52 49
81 40
43 46
73 44
49 94
54 20
86 82
50 56
89 91
34 87
31 86
79 21
69 15
34 62
21 90
34 98
81 66
37 11
93 41
67 56
28 62
75 10
50 73
76 62
16 51
24 97
92 80
37 94
70 61
24 28
53 40
84 81
100 33
53 70
51 98
40 68
14 70
34 13
74 11
82 16
78 59
30 67
69 38
26 63
45 45
51 30
73 47
38 63
91 80
11 44
36 25
15 47
98 98
23 72
30 61
21 45
97 97
27 31
52 23
51 29
19 60
92 53
71 61
67 55
94 29
62 12
56 81
96 21
77 75
54 79
83 34
76 38
30 85
86 13
67 70
14 87
22 38
21 67
53 73
13 59
16 25
60 86
58 71
59 48
44 67
86 67
75 40
73 65
74 84
95 25
69 68
100 65
100 17
34 47
26 34
59 50
100 83
63 99
58 15
33 65
96 80
41 66
52 44
68 45
22 52
46 73
70 95
34 37
91 34
68 46
95 39
64 95
59 97
34 11
49 42
60 22
81 21
25 74
40 37
22 70
78 33
16 50
49 10
95 91
49 83
24 57
37 33
23 63
95 74
71 12
69 74
100 46
43 98
94 35
92 20
68 39
63 71
54 21
33 73
97 30
57 54
90 51
96 64
51 24
66 49
73 26
63 15
16 20
27 17
94 32
59 59
33 66
86 69
36 63
67 94
64 60
64 88
71 19
58 85
94 71
35 19
64 44
79 82
22 82
75 96
45 13
89 86
36 70
82 98
69 47
88 58
30 27
48 55
92 89
11 15
42 67
24 80
49 92
80 13
73 80
30 62
87 54
55 14
48 37
86 73
42 48
11 29
54 31
22 82
64 15
71 65
41 78
64 50
37 54
24 98
86 15
47 70
16 77
67 62
21 40
71 53
15 42
86 95
83 72
98 85
23 60
31 94
27 59
99 33
46 82
33 24
94 67
92 13
67 80
74 73
48 53
43 83
96 26
80 94
90 43
98 51
26 27
31 92
53 13
90 42
39 51
20 83
66 64
15 44
35 46
36 80
21 66
29 20
61 79
34 86
89 53
59 75
22 100
65 32
19 12
43 74
24 17
40 51
33 46
71 75
67 56
35 14
14 55
15 33
99 88
72 90
68 57
67 49
74 78
71 79
20 14
98 19
11 74
22 15
27 35
27 14
88 36
17 65
57 44
73 73
20 26
40 73
64 30
78 100
72 92
32 14
98 44
54 41
35 18
61 24
77 80
22 43
49 35
34 66
60 12
14 21
30 20
33 90
16 98
58 59
64 24
28 11
92 51
52 82
91 39
100 29
80 26
52 12
73 96
16 21
42 62
56 67
63 18
26 64
55 99
27 42
83 21
35 95
93 80
22 25
44 100
59 94
32 15
36 31
53 92
74 79
41 92
27 70
22 58
34 36
84 27
78 52
23 14
16 31
82 47
88 33
46 48
30 25
45 41
25 39
50 70
70 29
23 11
80 41
52 67
82 83
85 60
25 88
99 51
34 16
86 53
56 28
25 93
23 20
24 62
75 72
98 27
80 91
51 43
14 23
100 51
62 69
33 23
64 24
19 33
96 22
24 60
80 43
46 54
54 80
90 99
42 91
18 89
52 72
16 76
34 45
13 89
78 38
85 48
38 91
85 49
89 18
90 23
85 10
72 13
18 43
71 79
43 85
84 93
26 14
47 13
46 85
18 77
12 54
96 39
53 14
18 82
23 84
59 50
28 17
15 41
92 47
61 77
45 29
10 35
49 14
68 58
46 22
56 26
48 84
70 68
12 52
39 39
59 52
58 28
97 100
17 17
24 22
12 80
66 51
38 15
73 11
98 11
92 24
54 98
37 73
87 22
11 22
67 27
71 25
69 31
26 48
50 84
83 46
82 17
45 57
28 82
41 93
21 34
21 35
83 13
10 98
92 29
64 44
44 14
90 81
24 76
64 87
52 90
36 60
14 58
60 25
37 32
44 87
58 90
55 99
63 95
96 99
72 83
84 56
90 22
68 82
45 64
47 41
26 24
15 73
69 26
99 50
72 51
56 97
15 86
17 14
80 41
14 37
47 57
44 83
38 52
29 89
67 53
15 72
69 66
35 85
44 45
12 56
25 48
37 75
23 53
83 61
44 99
19 14
34 44
14 70
52 22
31 29
80 92
13 77
53 65
90 89
17 40
58 40
46 57
47 65
29 95
62 74
53 94
68 26
24 36
16 57
23 64
92 24
62 68
58 53
10 53
100 28
62 52
