1000 5000
21 66
16 38
40 93
91 64
83 94
86 93
60 55
34 76
60 49
80 27
34 70
64 76
52 79
37 46
27 73
53 56
60 15
97 36
42 85
63 99
14 30
37 72
29 99
87 59
96 19
40 23
71 78
50 91
72 19
15 43
31 42
89 25
79 75
44 72
77 57
53 92
31 96
27 77
52 34
87 52
84 75
89 35
33 27
58 89
37 23
16 88
53 22
94 18
66 84
11 27
68 72
54 28
20 62
30 21
44 43
63 22
39 45
37 99
99 97
88 84
83 96
89 50
100 83
58 53
42 92
63 29
14 56
51 45
80 85
51 74
63 44
91 28
26 38
91 81
59 22
62 96
33 52
77 83
58 58
48 85
50 11
68 19
36 56
40 49
82 41
59 79
61 39
61 68
100 79
16 16
64 49
25 69
40 92
55 82
65 49
75 55
28 59
100 77
25 96
74 80
20 27
13 64
94 44
19 88
71 21
23 13
11 51
98 28
44 82
13 15
69 51
25 43
29 86
41 13
93 82
32 46
21 11
81 11
49 16
51 72
46 47
46 95
77 59
12 72
20 84
59 44
60 68
75 38
23 76
45 56
41 98
98 22
44 51
39 10
29 53
48 48
20 90
33 20
22 70
91 46
11 57
50 45
52 78
84 29
11 46
31 97
15 44
63 78
72 86
90 11
19 25
27 50
23 97
53 71
78 89
69 91
97 83
96 43
74 58
43 16
32 61
70 24
81 63
80 43
21 91
64 76
57 87
64 84
100 13
39 15
69 45
75 89
88 20
86 72
84 53
21 15
12 55
45 62
51 86
80 61
52 79
49 96
98 60
20 82
54 73
35 42
76 23
35 28
69 76
51 35
80 24
31 88
61 40
44 68
61 93
89 78
59 12
44 17
93 24
43 75
62 20
97 33
44 18
56 69
44 41
76 100
96 85
14 37
33 73
17 62
89 74
39 44
24 88
14 40
32 73
20 84
28 70
30 43
39 94
31 88
76 98
89 60
91 90
77 63
70 14
40 93
59 43
26 71
14 56
72 50
51 45
12 78
21 88
98 53
10 73
39 89
32 82
28 39
83 25
24 36
19 73
15 87
16 55
72 43
92 72
23 83
63 94
63 80
35 25
44 85
91 99
80 54
10 88
36 42
96 32
37 13
46 12
51 48
18 77
67 96
100 38
55 89
31 78
47 63
36 20
31 19
28 67
96 71
85 32
64 32
71 16
21 20
72 70
98 95
45 42
64 57
23 31
99 33
88 30
57 72
89 17
77 20
69 38
59 32
21 74
43 22
53 51
43 75
98 64
13 78
13 93
95 29
32 92
30 35
33 98
44 50
63 51
10 50
43 38
43 49
29 51
41 22
32 10
24 99
48 92
23 28
84 44
37 30
98 21
47 45
50 60
53 34
93 34
100 77
28 36
90 30
75 38
72 70
48 74
57 16
20 32
32 74
28 27
31 74
46 85
80 16
68 94
37 12
42 65
93 51
30 39
84 15
34 53
83 11
79 53
51 97
44 66
85 15
79 49
55 42
41 37
78 90
40 86
84 13
75 49
22 65
49 49
19 37
32 11
66 64
57 91
41 59
42 60
16 47
77 76
82 99
62 21
71 80
43 14
44 20
88 46
58 16
62 57
45 27
63 74
20 100
73 34
54 40
23 59
22 66
51 83
25 25
53 16
92 65
13 31
20 38
37 22
18 23
43 55
43 89
48 51
83 86
96 72
22 78
18 65
47 67
36 38
11 80
60 88
42 36
31 85
99 75
47 43
42 58
52 90
40 72
10 52
11 11
58 29
10 22
36 82
23 49
22 26
40 29
91 54
17 19
70 76
40 93
29 59
92 41
34 100
61 81
68 91
60 49
79 17
70 61
19 41
49 30
12 73
66 94
83 43
25 95
58 54
51 73
26 74
54 45
71 60
96 65
92 73
66 58
39 45
43 74
81 25
13 31
36 82
38 54
95 19
92 79
92 63
39 57
48 46
64 42
45 35
35 32
84 47
38 13
41 16
43 85
49 25
73 41
55 72
93 94
30 11
70 25
13 18
93 37
59 31
72 10
35 14
99 49
58 19
99 77
64 63
87 49
20 50
54 35
92 62
35 53
49 85
33 65
48 14
76 78
61 31
23 94
50 48
70 70
22 27
91 73
96 48
60 29
28 24
14 30
26 87
75 53
78 79
77 83
54 21
13 76
78 27
80 41
29 50
83 42
96 79
89 40
96 50
47 83
24 48
62 95
57 28
52 74
35 32
42 40
65 38
18 81
99 49
99 70
58 93
96 90
78 42
31 45
85 18
52 76
76 98
20 81
18 89
10 99
60 38
96 72
95 73
24 21
69 27
89 100
94 48
28 57
59 42
86 38
34 56
43 54
57 92
63 33
10 69
36 35
66 42
50 88
27 64
17 27
88 38
30 53
80 35
79 52
24 51
37 42
78 93
27 75
64 44
97 58
49 31
80 82
49 33
84 78
97 71
39 41
81 34
65 64
31 93
11 31
28 88
31 14
14 97
29 87
88 71
81 20
51 48
71 77
57 16
99 47
31 21
11 34
69 69
74 56
85 70
41 85
98 28
69 18
13 15
94 24
94 67
25 52
79 47
96 62
76 34
55 94
15 49
11 96
62 18
77 68
28 54
26 43
13 63
100 79
63 40
11 39
73 47
79 43
52 37
80 20
11 56
83 74
20 34
46 19
72 15
41 18
37 63
28 47
87 39
27 72
89 59
13 34
16 81
97 55
66 60
38 34
69 57
56 73
79 84
70 10
29 79
50 93
91 29
45 21
36 29
44 74
37 48
16 90
69 76
34 47
26 49
22 54
44 65
75 33
66 74
97 32
57 55
46 14
57 39
66 36
71 43
12 95
10 27
48 14
86 47
90 46
17 100
91 73
45 22
21 35
84 72
46 18
50 13
91 50
11 25
73 90
19 49
22 68
62 52
100 95
82 14
21 43
43 83
48 31
53 55
28 94
94 62
88 43
25 63
79 37
69 17
78 41
84 65
48 80
90 79
28 79
51 99
90 66
33 90
88 84
54 77
47 73
96 17
30 65
52 48
41 26
43 52
93 22
57 56
72 59
17 45
87 58
42 32
97 72
67 100
54 25
54 19
83 90
97 70
98 44
70 32
70 68
77 54
97 82
38 28
29 63
86 54
24 94
99 79
39 54
13 77
49 70
31 38
74 68
40 94
34 100
57 54
39 49
37 25
26 100
55 52
97 89
15 32
26 26
83 73
73 95
66 84
67 58
53 61
57 57
47 68
99 31
30 97
55 65
68 27
20 76
66 76
92 73
12 18
26 57
17 29
84 85
34 35
50 23
66 71
58 78
67 46
56 99
59 52
91 13
16 20
77 54
34 84
71 58
87 87
81 21
24 82
20 90
18 99
32 69
86 85
36 21
90 53
40 22
25 37
15 57
69 23
70 78
63 57
92 60
24 16
16 59
64 33
35 41
46 50
53 20
33 97
67 30
15 34
13 26
41 27
52 70
16 76
67 46
12 70
42 12
66 80
70 33
75 26
81 50
67 28
36 85
72 36
40 20
29 19
86 60
12 19
34 44
11 46
55 72
61 56
65 76
75 56
44 73
17 91
58 71
66 75
13 54
68 61
42 24
78 15
16 35
49 86
83 68
65 96
26 56
63 92
86 24
54 22
70 50
13 69
51 66
32 25
59 29
47 35
62 61
69 42
52 36
70 14
95 80
64 71
32 80
26 15
49 72
31 76
18 66
73 62
99 11
37 83
86 94
72 29
42 91
58 35
68 65
70 40
66 100
76 91
50 37
12 43
31 71
70 28
15 84
91 33
27 64
44 22
11 34
96 52
21 73
95 16
49 35
55 55
59 74
40 75
26 12
79 11
19 90
20 98
94 28
57 15
10 65
55 41
97 13
81 26
78 10
75 74
59 47
27 25
22 56
28 61
40 99
50 31
40 23
80 17
61 84
79 44
17 70
39 73
45 27
14 60
22 66
63 63
69 96
57 33
98 57
82 14
64 22
73 94
61 44
19 21
51 70
72 58
39 98
22 24
56 55
95 22
28 58
29 87
43 62
52 39
38 79
91 72
87 54
26 26
83 11
70 66
71 70
26 81
75 42
29 17
60 31
14 53
41 42
53 44
68 23
97 19
25 91
19 31
55 66
40 58
10 66
98 35
54 48
33 21
28 11
77 15
100 80
36 36
40 26
39 18
89 58
71 14
70 92
45 43
15 22
79 71
79 50
85 73
12 31
99 86
94 45
16 12
93 89
46 84
32 99
39 80
89 87
75 69
65 68
65 39
46 17
65 13
18 60
45 80
69 94
98 26
76 70
89 12
16 55
87 28
51 65
53 67
12 74
57 29
85 52
48 25
100 100
52 36
92 68
43 18
80 94
41 70
20 14
33 41
88 40
33 13
73 25
23 65
60 42
91 43
69 32
64 65
13 35
86 46
13 58
12 78
11 42
91 92
18 90
83 39
26 50
76 27
73 51
76 21
42 70
