100 100
1 1 2 3 4 5 6 7 8 9 11 12 13 14 15 16 18 21 23 24 25 26 28 29 30 34 35 36 37 38 39 46 47 48 49 51 52 53 57 59 62 64 66 67 68 70 71 72 73 74 75 77 78 79 83 84 85 86 87 89 90 91 93 94 98 99
2 1 3 4 10 14 17 19 20 21 29 30 32 33 36 37 38 40 41 43 44 45 47 49 50 53 57 59 60 61 65 66 68 70 71 72 73 75 76 77 79 83 84 85 86 87 91 93 94 96 98 99
3 2 10 13 18 19 20 23 24 26 30 31 34 41 47 51 54 56 58 66 72 75 78 81 83 85 87 88 92 93 94
4 1 4 8 9 10 14 15 16 19 20 22 24 30 32 33 34 38 39 40 42 43 44 45 46 48 49 51 52 53 54 55 56 59 61 64 65 66 67 70 79 80 81 82 83 84 85 89 90 92 93 98 99
5 3 6 7 8 12 13 17 20 24 25 26 28 29 32 34 35 36 37 41 45 46 51 52 54 56 59 60 61 66 67 69 70 71 72 75 78 80 81 82 84 85 87 89 90 91 93 96 98 99
6 1 2 4 5 6 7 12 13 15 16 17 18 20 22 27 31 32 33 34 39 40 41 43 45 46 47 48 51 56 57 58 59 63 64 67 69 70 76 78 80 81 84 86 88 90 91 92 94 95 97 98
7 1 2 3 6 7 8 9 10 14 16 17 18 19 27 28 31 32 35 36 37 38 39 40 42 45 46 49 51 54 59 63 65 66 68 71 74 77 79 81 84 85 88 89 90 96 99 100
8 5 7 9 15 17 20 21 22 23 25 27 28 29 32 39 40 41 42 47 48 54 56 60 64 69 71 72 74 82 85 87 90 95 96 97 98
9 2 3 7 9 11 14 15 16 17 18 23 25 27 34 38 39 40 41 42 44 45 51 53 58 60 61 65 69 73 79 81 82 84 90 95 97 99 100
10 6 7 10 13 16 18 19 24 25 28 33 40 43 44 46 59 60 67 69 71 73 77 79 81 84 85 88 91 93 99
11 5 8 12 13 15 16 17 19 20 21 22 23 24 25 29 35 37 38 40 41 48 51 54 56 59 61 63 64 65 66 76 80 81 82 83 84 85 87 90 92 96 98 99
12 5 6 8 9 12 13 15 18 19 21 22 26 28 30 32 33 34 35 36 37 38 39 40 42 44 46 47 53 54 55 57 58 61 62 64 67 68 72 83 84 85 86 87 88 89 91 97 99
13 2 3 5 6 7 9 13 15 16 17 19 22 23 24 26 27 29 30 31 33 35 42 44 45 47 48 49 51 54 55 56 57 59 64 66 67 70 71 72 73 75 76 77 78 79 81 83 84 87 89 90 91 95 96 98 99
14 1 3 4 6 8 12 13 20 21 22 24 25 26 31 33 34 35 38 45 48 49 51 52 53 54 55 57 58 59 60 61 62 64 65 67 68 69 70 71 72 73 74 75 78 80 83 84 87 88 90 93 95 98 99 100
15 1 4 7 8 9 10 11 12 14 16 17 19 21 22 24 25 27 28 29 30 31 33 34 36 37 38 39 40 44 45 46 49 50 54 56 57 60 61 62 64 68 72 74 75 76 77 78 81 85 86 87 88 89 90 91 92 94 96 98 99
16 1 2 3 4 5 8 10 11 12 13 14 16 17 20 23 26 28 29 31 32 33 35 36 37 38 39 40 41 43 44 45 47 48 51 52 54 56 57 58 59 64 67 70 71 73 74 76 77 78 79 80 83 87 88 90 92 93 95 96 97 99
17 1 2 3 5 6 7 8 10 11 12 13 14 15 16 17 18 26 30 31 32 34 39 40 45 47 48 49 54 56 59 60 61 62 63 68 69 71 72 74 75 76 81 84 85 86 87 90 91 92 93 95 96 98 99
18 1 2 5 6 8 9 10 12 14 17 18 19 21 22 23 24 28 29 30 31 32 33 38 39 41 42 47 48 50 51 52 54 55 59 61 63 64 65 67 68 72 73 77 78 80 82 83 84 85 88 91 92 93 94 96 98 100
19 1 2 3 5 6 10 12 14 15 17 19 20 21 22 23 27 28 29 30 32 33 37 41 42 44 45 46 47 51 53 63 64 69 71 72 73 77 78 80 81 82 83 85 87 89 91 97 100
20 1 4 9 12 15 17 21 22 25 26 27 28 31 34 36 38 40 41 43 44 47 49 54 55 60 62 63 66 68 71 77 78 87 93 94 97 100
21 1 2 5 10 12 14 15 17 18 20 21 23 24 26 28 31 32 33 35 36 39 41 43 47 50 51 57 58 64 69 72 73 80 85 86 92 93 97
22 1 2 3 4 5 6 7 9 14 17 21 23 25 27 30 32 33 36 37 38 42 43 48 49 50 51 54 59 62 63 65 71 73 74 76 77 80 82 83 84 86 89 93 96 97 98 99
23 3 6 8 11 13 15 16 19 21 22 23 25 26 28 33 34 35 36 37 38 40 42 44 45 46 47 48 49 53 58 59 61 64 67 68 69 70 73 74 77 78 79 80 81 82 83 84 85 86 87 88 89 93 94 95 97 99
24 1 2 7 8 10 13 14 15 17 18 20 21 24 25 26 27 29 31 32 34 35 36 37 39 40 42 44 45 46 49 50 51 52 56 57 58 61 63 64 65 66 67 69 70 73 74 75 76 77 78 79 80 81 82 84 85 86 87 91 93 94 95 97 98 100
25 2 3 4 5 7 10 13 15 21 23 24 26 29 31 32 34 36 39 41 42 43 44 45 49 51 57 62 63 67 70 72 73 76 77 78 79 80 83 85 87 88 89 90 91 92 93 94 95 96 97
26 3 4 5 7 8 10 11 12 14 15 16 18 19 20 22 24 25 28 29 30 32 36 37 38 39 40 41 42 43 44 46 47 49 50 53 57 58 59 62 63 64 66 67 68 71 72 73 74 75 76 77 78 79 81 83 86 87 88 89 91 92 93 94 95 97 99 100
27 2 5 11 12 18 21 27 29 31 35 36 37 41 43 44 47 48 54 57 60 63 67 68 71 72 74 76 78 79 82 85 89 90 92
28 1 2 3 4 14 15 20 21 23 26 27 28 29 32 33 38 39 41 42 43 46 48 49 51 52 53 56 57 60 63 65 66 67 69 72 73 75 77 78 81 82 83 86 90 91 92 93 94 95 96 97
29 1 7 8 11 12 13 14 15 18 20 21 22 25 26 27 28 33 34 36 38 40 42 43 44 46 49 50 54 55 56 57 58 59 61 63 64 66 67 68 71 73 74 76 78 79 80 84 87 90 91 92 93 94 96 97 98
30 2 3 5 6 9 11 12 14 15 16 17 18 19 20 21 23 24 25 26 27 28 30 31 32 34 35 36 37 38 39 42 44 45 46 48 50 52 54 56 57 58 59 60 61 62 64 65 67 70 71 72 75 76 77 78 79 81 83 84 87 88 89 91 93 97 99 100
31 1 2 4 10 16 22 25 29 30 32 37 45 49 51 53 54 55 57 58 60 63 64 67 68 72 74 75 79 84 85 86 89 91 92 97
32 1 3 4 5 6 10 12 14 15 16 18 22 24 25 27 28 29 30 31 32 33 36 37 38 39 40 41 45 47 48 49 51 52 53 54 56 57 58 59 60 61 62 63 64 65 66 67 72 73 76 77 79 82 83 85 86 87 91 92 97 98
33 1 7 9 14 15 19 20 27 30 36 39 40 43 49 50 53 55 56 57 60 73 74 75 83 84 85 90 91 92 96 97
34 2 6 7 8 11 17 22 23 24 25 26 27 28 29 31 32 33 34 35 36 37 38 39 40 41 43 45 47 48 49 51 53 58 59 60 61 62 63 64 67 69 70 76 81 82 86 89 90 91 92 95 96 99 100
35 3 4 5 10 13 15 19 20 21 25 26 30 31 32 34 36 46 48 52 55 59 64 65 67 70 74 75 76 77 81 85 87 93 99
36 1 3 4 5 11 16 21 22 24 25 27 28 29 30 31 34 35 36 37 38 39 40 42 43 44 45 46 47 48 49 53 55 56 58 61 63 65 67 68 69 70 71 73 74 77 78 79 84 87 90 94 98 99 100
37 4 9 10 12 17 18 20 25 28 30 33 39 41 42 47 48 49 50 53 54 57 60 63 68 74 75 77 84 90 91 92 95 97 100
38 3 4 5 6 7 8 9 10 11 13 18 19 21 22 23 24 26 27 28 29 30 31 33 36 37 39 40 43 46 47 48 49 50 51 52 55 56 59 66 69 70 71 72 73 74 76 77 78 79 81 82 84 85 86 87 89 90 91 92 93 94 95 96 97 98
39 7 11 15 16 17 20 24 25 28 30 32 37 39 46 49 50 51 52 54 55 56 57 59 62 63 64 65 68 70 73 74 81 83 85 87 88 89 90 95 98
40 5 6 11 12 21 22 24 25 27 29 31 34 37 45 46 47 48 51 54 59 61 63 64 67 68 71 73 76 78 80 85 89 93 98
41 1 4 5 6 7 8 11 13 16 17 22 29 30 32 34 35 36 37 44 45 46 47 50 52 55 56 59 77 78 79 82 84 85 87 88 89 91 92 94 96
42 2 4 5 10 14 26 29 32 33 36 37 39 42 43 45 48 49 50 51 52 54 56 63 64 65 67 69 72 75 76 77 84 86 89 91 92 94 96 97
43 1 4 6 8 9 10 11 13 14 16 17 19 21 25 26 27 28 30 31 32 35 36 38 39 41 42 43 44 46 47 48 49 50 51 52 53 59 60 62 63 69 70 71 72 73 75 76 77 78 79 80 81 82 83 85 86 87 91 93 94 95 96 97 98
44 2 3 6 8 9 10 12 13 16 17 18 20 24 28 29 32 37 39 41 44 45 46 48 51 52 53 59 62 64 66 68 69 73 75 77 79 80 82 83 84 85 87 88 90 94 95 96 97 99
45 2 4 6 15 22 23 26 27 28 30 33 34 39 40 41 42 44 45 50 53 56 57 58 59 60 62 65 67 69 71 72 73 75 78 79 80 83 85 86 89 91 92 95 96
46 1 2 3 4 5 6 7 8 9 10 11 13 15 20 21 23 26 27 28 30 31 32 33 35 41 44 46 48 49 51 52 53 55 56 58 60 63 64 67 68 71 72 73 79 80 81 83 85 88 89 90 91 92 94 95 96 97 98 99 100
47 1 4 6 8 10 11 15 16 17 18 20 21 22 27 31 33 34 35 38 40 41 42 43 44 45 46 47 50 51 55 57 58 59 60 61 65 66 69 70 73 74 76 78 79 80 83 86 87 91 92 93 94 95 100
48 4 6 8 9 11 15 18 19 28 29 31 33 36 37 39 41 42 43 44 46 50 52 53 55 56 59 60 61 65 66 70 71 73 75 77 81 82 83 84 89 90 95 96 98 99
49 2 3 5 6 8 9 11 12 13 15 16 17 18 19 20 21 23 25 27 28 29 30 33 34 35 38 39 40 42 43 44 46 49 51 52 53 55 56 57 58 61 62 63 65 66 68 69 70 71 73 76 77 78 79 80 81 82 83 84 86 88 89 90 92 93 95 98 99 100
50 2 4 9 11 12 13 14 15 20 21 23 28 30 31 32 36 37 38 39 40 43 47 49 50 52 56 61 63 65 69 71 72 73 78 79 80 81 82 83 87 91 97 99
51 4 5 7 10 11 13 14 15 17 18 19 20 21 22 24 25 26 31 32 33 34 40 41 42 43 44 45 50 51 54 55 56 57 59 60 62 63 64 65 66 67 68 69 71 72 73 78 79 80 81 85 86 89 90 91 92 94 95 96 97
52 3 4 8 11 12 13 14 15 16 17 20 21 26 33 34 36 43 44 45 46 47 54 55 57 59 61 62 63 64 65 69 71 85 90 91 92 94 95
53 1 2 3 4 5 6 8 10 12 14 16 18 20 22 23 24 25 26 27 29 32 33 34 35 37 38 39 40 41 42 44 45 46 47 49 50 51 53 54 55 61 65 66 69 71 72 73 77 78 79 80 83 86 88 89 90 91 92 93 95 97 98 99 100
54 1 3 4 6 7 8 10 11 12 13 16 17 19 20 21 24 25 26 30 31 32 37 38 40 44 46 49 50 54 55 58 59 60 63 64 67 68 69 71 73 74 76 77 80 81 82 83 84 86 87 88 89 92 93 94 95 97 98 99 100
55 5 6 7 9 13 14 17 18 19 23 25 26 27 28 29 33 39 42 44 45 47 48 52 53 55 56 57 58 59 62 63 64 67 72 73 77 81 83 84 87 88 91 94 95 97 99
56 1 2 6 9 14 15 18 20 26 29 31 32 33 34 35 36 37 38 40 41 43 45 46 51 58 60 63 66 71 73 76 79 80 83 92 93 94 97 99
57 1 2 4 5 6 8 9 12 13 16 17 18 19 20 21 22 23 24 26 27 31 32 33 35 36 37 38 39 42 43 44 47 49 51 52 53 56 58 59 60 61 62 65 66 69 70 71 72 73 74 75 77 79 80 82 87 90 91 92 95 97 98
58 5 9 10 12 14 16 18 24 27 28 29 34 35 37 40 42 43 45 46 51 55 56 57 58 59 60 62 65 66 67 68 69 71 73 76 78 80 81 83 86 89 90 91 96 98 100
59 1 2 4 5 7 9 10 13 15 20 23 24 25 27 31 32 37 39 40 42 49 61 66 69 71 74 76 79 83 85 90 91 95 99
60 6 7 11 13 14 17 21 25 28 29 30 33 43 46 47 48 49 53 56 59 61 65 66 68 69 74 77 78 79 83 86 87 92 93 94 95 96 97 98 99 100
61 1 2 4 6 8 9 12 13 14 15 16 17 20 22 23 26 28 29 30 32 33 34 35 37 38 39 42 43 45 47 48 50 51 53 54 55 57 60 62 63 64 65 66 67 68 71 72 75 76 77 78 79 80 81 82 83 86 87 88 90 91 92 93 95 99
62 1 3 4 5 7 10 11 12 14 15 16 25 26 31 34 35 36 38 39 41 42 43 44 49 50 52 53 54 59 60 61 62 64 67 68 70 72 73 75 76 77 78 80 81 82 84 88 89 91 94 95
63 1 2 3 5 6 9 10 11 12 13 14 15 16 18 19 20 21 22 24 25 27 29 30 31 32 35 36 37 38 39 40 41 42 43 44 45 47 48 51 52 53 55 58 59 62 63 69 70 73 74 75 76 78 80 81 83 84 85 86 89 90 91 94 96 97 98 99 100
64 1 2 3 4 7 9 10 11 12 13 14 15 17 19 22 24 25 27 28 29 30 32 34 35 37 40 41 43 44 51 52 54 55 56 57 58 59 61 62 63 65 66 67 68 69 70 71 72 73 74 78 79 80 81 85 86 87 88 91 94 95 96 97 98
65 1 3 5 6 7 9 10 11 12 13 15 16 17 19 23 24 28 29 30 34 35 37 38 39 40 41 44 45 46 48 49 53 54 55 56 59 61 62 63 64 65 68 71 74 76 77 84 86 87 88 89 90 93 94 95 96 97 98 99 100
66 1 2 3 5 6 9 10 12 15 18 28 33 34 35 44 46 48 51 53 54 56 57 59 60 63 64 66 68 69 70 73 74 78 85 86 92 93 96 97 99
67 4 6 7 10 11 16 23 25 26 27 31 32 34 35 36 37 39 41 50 53 54 60 63 64 65 74 81 82 87 91
68 5 6 8 9 11 12 13 14 17 18 19 23 25 26 27 29 30 32 33 34 35 36 37 39 40 41 42 44 45 46 47 48 49 50 51 52 53 54 55 57 58 62 63 64 65 66 67 68 69 70 73 74 75 76 77 80 83 84 85 86 87 89 94 95 97 98 100
69 3 4 7 8 9 11 12 13 15 16 17 20 21 24 25 26 30 34 35 42 44 49 50 51 55 56 57 58 59 60 61 62 63 64 68 72 73 77 78 81 90 94 97 98
70 1 3 7 14 15 16 17 18 20 23 26 30 37 39 41 42 43 49 50 53 54 55 59 60 62 66 67 68 69 70 71 78 80 85 86 87 89 93 94 96
71 1 2 4 7 8 9 11 13 14 15 17 18 19 20 24 27 29 30 31 39 42 45 46 52 55 61 63 64 66 68 69 71 73 74 77 79 81 84 85 86 87 91 95 97 98 99
72 1 2 3 4 5 6 7 8 10 11 12 14 15 20 21 22 23 24 25 26 27 28 31 34 35 36 38 41 42 43 44 45 46 47 49 50 51 52 53 54 55 56 57 58 59 63 64 66 67 68 69 71 72 73 74 76 77 80 81 83 86 87 90 91 94 96 98 99 100
73 1 2 5 7 8 9 10 13 14 16 17 19 23 24 25 26 28 30 32 37 38 39 43 44 47 49 50 51 52 53 54 58 59 60 62 65 66 67 70 72 74 75 76 77 80 82 83 84 85 86 87 88 90 91 93 94 95 96
74 2 4 5 6 7 12 13 14 16 17 21 22 25 26 30 31 32 33 36 37 40 46 48 49 50 51 52 55 56 58 59 62 63 64 65 66 67 72 73 76 78 79 82 83 85 86 87 88 89 90 93 95 98
75 1 2 3 4 5 8 9 10 11 12 14 15 16 17 18 19 20 21 25 29 30 31 32 33 34 38 39 40 42 44 45 48 49 50 53 54 55 58 60 61 62 63 64 67 72 73 74 75 79 83 85 87 88 89 90 91 92 94 96 97 100
76 2 4 5 8 11 16 18 19 23 25 26 27 28 29 32 35 38 40 42 43 47 48 49 52 54 56 61 62 63 64 65 66 69 70 72 73 75 76 78 82 86 87 88 89 92 94 95 96
77 5 6 8 11 13 17 18 20 21 22 23 25 28 35 38 40 41 42 45 46 48 50 54 55 57 59 60 61 63 65 66 71 73 77 85 87 91 97 98 99 100
78 1 2 3 4 5 8 10 13 15 16 17 18 19 20 21 22 23 27 28 30 31 33 34 36 38 39 40 41 42 43 44 47 48 49 50 51 52 55 56 59 60 62 63 65 66 67 68 70 71 72 73 76 77 79 82 83 84 85 88 89 90 94 95 96 99 100
79 2 4 5 8 9 11 16 18 19 21 22 24 28 30 33 34 35 36 37 38 40 41 45 51 52 53 54 62 63 64 66 67 68 72 75 78 79 80 83 86 90 93 96 97
80 1 5 7 8 9 12 16 17 18 19 20 21 23 24 28 29 31 35 37 38 41 42 43 44 45 48 51 52 54 56 57 58 59 64 67 68 71 75 76 78 81 83 86 87 88 90 91 94 95 97 98
81 2 3 4 5 6 7 9 11 12 13 14 15 16 18 19 21 23 25 26 28 29 31 32 33 34 36 37 38 44 45 47 48 53 54 55 56 58 59 60 61 62 63 64 65 68 69 71 72 73 75 76 77 79 80 81 83 84 85 88 91 92 93 96 98 99
82 1 4 6 8 11 13 15 17 21 24 25 30 36 41 44 45 47 48 52 54 58 59 64 65 66 70 72 73 75 78 80 83 84 85 86 87 95 97 98 100
83 1 2 3 4 20 21 22 26 27 29 30 31 34 35 40 42 44 46 52 54 59 60 65 66 67 70 73 75 76 82 83 85 86 87 91 92 96 99
84 1 2 3 4 7 20 25 28 34 35 37 39 41 47 49 50 51 52 54 59 60 66 67 70 71 72 74 77 78 81 83 85 86 89 91 96 100
85 1 3 6 7 8 9 11 12 13 14 16 17 19 21 24 29 30 31 32 33 35 36 37 38 39 41 42 46 48 49 50 51 52 53 55 56 58 59 62 64 67 68 72 74 75 77 78 80 82 83 84 85 86 87 89 90 92 94 95 96 98 99
86 1 12 14 15 16 19 21 24 26 29 30 32 33 34 38 41 44 47 48 53 54 57 59 61 63 65 66 68 70 72 73 76 81 82 85 92 93 98 100
87 3 4 6 7 9 12 13 14 17 18 21 24 27 28 32 33 35 38 43 44 46 54 55 56 60 61 66 68 70 71 72 73 74 75 78 80 86 91 92 99 100
88 1 2 3 7 10 11 12 13 14 15 21 22 24 25 26 27 28 30 32 34 36 38 39 40 41 45 47 50 53 54 56 60 62 63 64 66 67 68 74 76 77 78 80 81 83 84 85 86 88 89 90 91 92 93 95 98 99 100
89 2 3 5 6 8 10 13 20 22 24 33 34 36 51 52 57 58 61 64 66 70 72 77 78 80 82 83 86 87 89 90 92 94 95 96 97
90 1 4 5 6 13 14 15 17 18 20 22 23 24 27 28 32 36 38 39 43 45 46 47 55 59 61 65 67 68 69 70 76 80 81 82 83 84 85 86 88 90 91 92 93 96 98
91 1 2 6 7 12 14 15 16 17 18 19 20 22 24 25 28 29 31 32 33 34 35 37 38 39 41 42 43 44 54 55 56 57 58 59 61 63 66 67 68 69 70 71 72 73 74 76 77 79 80 82 84 86 87 88 89 90 92 93 94 95
92 4 5 8 9 10 12 14 20 21 25 26 29 31 33 34 36 37 38 42 43 51 53 59 61 63 66 68 77 81 83 84 85 86 90 92 93 97 100
93 4 5 6 11 12 13 14 17 20 23 26 27 28 30 32 34 36 40 44 48 54 55 62 63 64 65 68 70 72 74 82 83 84 85 88 89 92 95 99 100
94 2 3 4 5 11 14 15 16 19 20 22 23 24 28 29 33 34 36 46 49 52 53 54 55 58 60 62 63 65 68 69 71 74 76 77 79 80 81 82 85 87 89 90 92 93 95 98 99 100
95 1 4 8 11 13 17 21 24 25 31 33 34 35 44 45 46 50 54 59 61 67 68 75 76 77 83 85 86 88 89 90 91 92 93 98 100
96 8 10 12 13 15 18 20 22 23 24 25 26 27 28 29 30 31 33 34 35 36 37 41 43 46 52 53 54 59 60 62 63 65 66 68 71 74 76 78 79 80 81 82 83 86 88 90 91 93 95 96
97 2 3 4 6 7 8 9 10 11 13 14 16 18 19 21 22 23 26 28 29 31 32 34 36 38 42 46 47 48 49 52 53 54 56 59 60 61 65 66 72 73 74 75 76 78 80 82 84 85 87 88 89 93 94 95 96 97 98 99 100
98 2 3 5 6 8 9 10 11 14 16 17 19 21 22 23 26 27 28 30 31 34 35 37 38 40 41 42 43 45 46 48 49 50 51 53 54 55 56 57 59 60 61 63 64 66 68 71 72 73 75 77 79 81 82 83 85 87 91 92 93 94 95 96 99 100
99 3 7 9 11 18 22 24 36 38 40 45 47 48 49 54 60 62 63 67 69 77 79 80 81 84 85 88 89 91 94 96 100
100 1 3 5 6 8 11 12 13 16 17 20 21 22 23 24 26 28 29 31 32 37 39 40 41 44 45 47 48 50 51 52 53 54 55 56 59 60 61 62 63 64 65 66 68 69 70 71 73 74 75 76 77 78 80 81 82 85 86 87 90 91 92 93 94 96 97 98 99 100
